Standard
1665.0976654868714
1716.0040156563732
1678.7109151503546
1677.6712772460007
1647.1361164919865
1641.1171510207444
1592.7234800284436
1643.4499886560807
1622.0500795769353
1627.054000861218
1656.1223668362259
1710.485523897303
1691.094526385129
1734.238576972575
1770.3621223394568
1817.4187611236284
1845.0069005580567
Legacy
1648.0
1686.836846501745
1684.322049755427
1711.7970084515723
1808.1021432100147
1886.6127971317746
1874.215142083615
1876.7328692814137
1913.6978947529296
1990.9454830883092
1952.4887406772887
1974.7768974894095
2043.7011416494236
2004.3158422992367
1967.6397825054182
1951.7359620430893
1929.8674397756588
1950.4330046778646
