Standard
1728.0
1710.513485507531
1785.2897869194885
1781.350376081132
1786.1110929928207
1848.2418511837334
1886.1084526557925
1836.876144279175
1835.0654011476922
1818.863017934369
1840.872960930997
1859.548844638256
1859.2669623288853
1892.8313146792384
Legacy
1600.0
1680.0
1745.3008337445794
1833.865545969319
1865.6516886640704
1851.7070308689451
1822.2196008963044
1791.2255016714507
1803.3251475982477
1853.5965577986246
1941.6092046563363
1952.7941654629346
1986.148284994117
1983.0659013541601
1996.3947879949023
1975.618773576751
1964.3069455087816
