Standard
1712.0
1819.5456613483823
1888.3992816546202
1979.237444967913
1979.5468754494818
1941.1627872736271
1901.1361002252772
1865.2457928675333
1911.9008475865503
1966.8761382158789
1958.2685777527834
1875.0901073195666
1915.506919097175
1966.4853487819087
1981.58776022649
2009.2629079850465
1959.4703980989348
Legacy
1584.0
1571.6699186161547
1589.993200003771
1688.5726934521974
1727.3165601902742
1765.7178962653531
1774.413000312447
1726.4807716986622
1759.9636193729714
1799.8978069553475
1832.3787086929062
1834.6872595307054
1865.0299980204277
1861.3384405849051
