Standard
1712.0
1712.6592460112868
1750.3833794028194
1736.0487837792612
1769.701179798576
1794.4012587199736
1826.1235554132513
1839.4461043409176
1913.6804764377923
1877.2193883386428
1883.2628071415875
1884.3896213649996
1868.4939620028726
1823.0341812361698
1762.195672882119
1802.0841508824878
1846.5734588777414
Legacy
1680.0
1727.4942494764596
1815.1550559123561
1893.543497450102
1910.6095904079712
1901.7162922552295
1865.670364088391
1856.6666818998515
1894.004321131039
1889.0446920150812
1912.6963225187233
1928.8293095595109
1983.2056150016415
1958.135398835602
1925.2117870230793
1935.521246310093
1999.5826989585778
1999.1546477145384
1946.2285980394022
