Standard
1728.0
1786.0008125995046
1745.6875255449218
1777.823094006321
1763.067755735065
1741.26254729718
1820.2259450956008
1908.132947633182
1854.4962308071692
1872.1730686990013
1893.8467268402344
1880.6461840313675
1938.3032122297373
Legacy
1712.0
1805.8886552153556
1779.7186738939613
1830.6424621635915
1886.3096321167304
1878.2761703315948
1941.5377011991056
2012.7758881199745
1965.9676473226848
1918.7587760325484
1866.5104630834571
1934.5323145873665
1943.7404660529658
1979.404005525765
1923.0646794463921
