Standard
1696.0
1719.1890972004323
1791.6776359475443
1856.2289470338044
1825.7915575487075
1898.1154112175825
1931.264809688294
1955.212325463479
1911.6095015728158
1864.5740694398687
1903.850623505255
1854.894138548234
1909.9141179744438
1914.5144418360655
Legacy
1584.0
1629.996865953021
1721.6473571339593
1702.6948920450313
1771.0355006013003
1776.6087416572884
1816.251725518859
1840.3195232461524
1876.3731236384551
1886.8641178290895
1895.4366810197128
1863.9783707488652
1925.7630847003168
1901.6372582775364
1885.4386218490615
1847.7628377911637
1812.3632152063337
