Standard
1635.6602785627108
1757.0971731631064
1778.8132068336554
1745.1793770680642
1766.7453136719462
1727.2104835226694
1800.792400789406
1776.8324424626023
1772.9176830823935
1808.4478700936686
1861.0124986535247
1916.8925557915256
2005.7752955178735
2039.500538235869
1991.714162629312
Legacy
1680.3683485189692
1744.8848433603766
1728.7408524592079
1795.8879119499672
1838.3695747743457
1840.1417240584613
1779.7599906582016
1747.796398576879
1822.8578451831213
1848.8481802604517
1872.054741061997
1932.5005606296754
1905.4661673311614
1900.306008625995
1855.7399330299077
